P2
234 283
255
206564280	402243120	300591450	277346160	198347670	145110300	178136880	120874080	103393320	50066445	31148505	69220770	119573070	61702860	78083550	105928275	109438605	147598335	214969080	683829420	403106805	228843375	520320105	847617450	419533650	315476055	106217955	138218670	409758480	370679475	726335880	431806800	328661850	529776525	776645085	77113020	129173055	94984695	76962315	78929640	59637360	115263570	68765340	31148505	50066445	103393320	120874080	178136880	145110300	198347670	288628635	444092955	453007755	336325875	468261345	517669125	1117610685	1354492425	0	0	0	0	0	0	0	0	0	0	0	0	0	0	0	0	0	0	0	0	0	0	0	0	0	0	0	0	0	0	0	0	0	0	0	0	0	0	0	0	0	0	0	0	0	0	0	0	0	0	0	0	0	0	0	0	0	0	0	0	0	0	0	0	0	0	0	0	0	0	0	0	0	0	0	0	0	0	0	0	0	0	0	0	0	0	0	0	0	0	0	0	0	0	0	0	0	0	0	0	0	0	0	0	0	0	0	0	0	0	0	0	0	0	0	0	0	0	0	0	0	0	0	0	0	16773900	1815476580	-791764546	1661640945	1302879150	1164498300	1498819875	1703204160	1576867980	-1342254721	1331432265	1535261415	626863185	1306899225	1117272555	1599438540	944853285	-885410999	-248117040	1221060360	31804620	69044565	124918890	64763625	64974255	127394175	123841260	164110095	190178745	121528155	247634070	163582755	259430625	112336935	72606405	69223065	76213890	50757750	39675960	55512225	41962800	77687535	130031130	239383545	79505940	25129485	46518375	59050350	33884400	76545390	26640615	
591260340	1243783410	763118865	360145170	359504355	240134265	324578280	255821355	190598475	119259930	83074920	139432725	133881375	147583545	152328330	118683630	130228755	218560500	333543570	445655340	286070730	393626670	415716810	710686275	445319760	595317645	577154250	605119080	589456470	522599805	650943600	316917060	480620430	231668265	722606250	552909360	138772530	109071405	105446580	149218860	151517685	132953175	138505035	83011170	119259930	190598475	255821355	324578280	240134265	319106235	342871470	569385930	694549365	584640795	824632515	968084805	1222967505	1630294050	796760250	0	0	0	0	0	0	0	0	0	0	0	0	0	0	0	0	0	0	0	0	0	0	0	0	0	0	0	0	0	0	0	0	0	0	0	0	0	0	0	0	0	0	0	0	0	0	0	0	0	0	0	0	0	0	0	0	0	0	0	0	0	0	0	0	0	0	0	0	0	0	0	0	0	0	0	0	0	0	0	0	0	0	0	0	0	0	0	0	0	0	0	0	0	0	0	0	0	0	0	0	0	0	0	0	0	0	0	0	0	0	0	0	0	0	0	0	0	0	0	0	0	0	0	3812250	981942780	-1606280956	1946358900	1055861160	1114662885	1486604355	1026570840	1129919790	2070232290	-1971712786	1931684925	1167359910	1013556660	953005890	788779260	567934980	1816886732	1825862222	74497740	82159980	67997025	36191385	110906640	95602050	70089810	82396620	96503220	86910630	131612640	120610410	140335680	243514800	195578880	51223380	62463780	57751380	53590800	75783450	46018320	69948540	100893300	99563730	71173560	85215390	27953610	96488940	126944100	48437250	71446410	58854000	5394780	
491117250	926252820	545857590	190242750	188864730	224327835	212084265	172726035	145967100	160033155	215715465	135284385	138934710	314950245	214964235	158554920	105864780	136187850	314271690	439237245	262002300	476564400	413481225	141643575	163752330	1032825990	837978450	803753370	1121430840	292400085	61484835	226142415	278547210	287056560	380331735	524610480	192495420	96220170	135307080	216753315	332890515	147516990	135272145	213807555	160395255	145967100	172726035	212084265	241240200	227582910	378347580	702105780	499374660	515249940	724036290	925313910	730086930	757699860	919338750	398380125	0	0	0	0	0	0	0	0	0	0	0	0	0	0	0	0	0	0	0	0	0	0	0	0	0	0	0	0	0	0	0	0	0	0	0	0	0	0	0	0	0	0	0	0	0	0	0	0	0	0	0	0	0	0	0	0	0	0	0	0	0	0	0	0	0	0	0	0	0	0	0	0	0	0	0	0	0	0	0	0	0	0	0	0	0	0	0	0	0	0	0	0	0	0	0	0	0	0	0	0	0	0	0	0	0	0	0	0	0	0	0	0	0	0	0	0	0	0	0	0	0	663000	460984155	1748922090	1669731330	1020504390	1151378040	1217739240	1045696605	1186274790	2109041760	-1766995726	1572668130	1296159645	1087974075	1027385820	1000887240	798088800	-2116074659	1745881472	74497740	57925800	80478510	86679600	50208225	68275740	47173470	76632855	63905805	59822235	69451035	141757815	162048165	215122335	295393020	122178915	33800250	74902170	75030690	41942400	80322705	62276355	83892705	97215690	59949480	77191050	56772690	61996620	110373690	91023015	83780505	75550635	25845270	19339710	
230697480	367969080	256260210	59596560	218996805	188939190	69643560	120204450	146303445	143063670	146333280	169305975	133659015	174247110	169686180	209124225	175625640	128416725	103242360	403727220	360946125	382182525	477105510	254592510	900203805	1014257910	171051960	118601520	1144119975	1188271695	286672785	293507040	325538865	377277345	443052810	341937150	191274735	158276970	202245345	206264910	186062025	126774015	160817535	140353530	142309380	145854390	120204450	70374900	164636415	329878710	331119030	656086440	615206370	390039840	412103970	541796970	583110540	498213390	400846485	443540625	167739000	0	0	0	0	0	0	0	0	0	0	0	0	0	0	0	0	0	0	0	0	0	0	0	0	0	0	0	0	0	0	0	0	0	0	0	0	0	0	0	0	0	0	0	0	0	0	0	0	0	0	0	0	0	0	0	0	0	0	0	0	0	0	0	0	0	0	0	0	0	0	0	0	0	0	0	0	0	0	0	0	0	0	0	0	0	0	0	0	0	0	0	0	0	0	0	0	0	0	0	0	0	0	0	0	0	0	0	0	0	0	0	0	0	0	0	0	0	0	0	82875	185182530	969528870	1081855605	747701820	798080130	1029818775	1089793500	954236520	1497823590	1307585430	234966690	917802630	1659022605	1145109375	1067173470	1556311665	-1225793924	-2092635314	29017215	82159980	80478510	67617330	88979445	31289775	69240915	61041390	61644210	81553335	97449015	61062045	60064485	150913080	144706635	199967685	244599825	135793620	51188955	19173960	28296585	50646825	52392300	56249685	71785305	64694010	56100510	75618210	87881160	58842270	67367685	62787120	23953935	26475375	22499670	
85035360	117613140	244207380	194413020	220274100	61672005	82891065	114715830	280382190	306066555	187677195	133440990	110772510	135405255	138663900	81713475	130253235	142953255	106351575	156341265	345839160	331116480	443134665	783090210	844682400	164987550	133783455	201174855	282586155	1202333160	1167250005	156964995	275900820	381917070	404294085	189790125	121004895	133678905	152279115	143153685	155220795	76416615	122118990	173763885	291332910	278289150	111085395	61339485	59918370	257210850	356510400	193400670	337939770	460035300	314453760	288259140	340279650	232399350	220561230	188375385	181287150	58708650	0	0	0	0	0	0	0	0	0	0	0	0	0	0	0	0	0	0	0	0	0	0	0	0	0	0	0	0	0	0	0	0	0	0	0	0	0	0	0	0	0	0	0	0	0	0	0	0	0	0	0	0	0	0	0	0	0	0	0	0	0	0	0	0	0	0	0	0	0	0	0	0	0	0	0	0	0	0	0	0	0	0	0	0	0	0	0	0	0	0	0	0	0	0	0	0	0	0	0	0	0	0	0	0	0	0	0	0	0	0	0	0	0	0	0	0	0	6630	62604030	459354960	643738320	517017600	481361970	653912310	760708095	591232035	1166121120	1479569160	993383610	554280240	763504170	1488044085	901614975	873260760	217038404	-924706500	61255080	33513375	67997025	86679600	88979445	117447390	80863815	66199275	56942775	71111850	64173810	34691220	18401820	31554720	561441150	545729580	242743170	340408425	348689550	109953705	26109195	38789070	52311975	37264935	59456055	52191360	55484940	67764720	47289240	62603010	15288270	30928440	30439605	27513480	14970285	12196395	
97581870	155325345	141792495	301177950	252210045	126733215	110193405	273440835	276388890	115093740	217950030	233342340	227920275	98672505	83663205	52133475	126517485	79646445	84399390	37604340	250888125	241233825	524918265	497563395	116238180	101286765	43608060	82487400	202957815	181100745	1012842405	884997135	332361135	404564385	246916500	118231770	58327935	69342405	69328635	97189935	135128580	195587295	254366070	218482470	109611750	276470235	274652595	96577425	168809745	336580875	279506265	113945475	168910470	312234750	229853940	137592645	165837720	106878915	176130540	149106660	60948060	61934400	16773900	0	0	0	0	0	0	0	0	0	0	0	0	0	0	0	0	0	0	0	0	0	0	0	0	0	0	0	0	0	0	0	0	0	0	0	0	0	0	0	0	0	0	0	0	0	0	0	0	0	0	0	0	0	0	0	0	0	0	0	0	0	0	0	0	0	0	0	0	0	0	0	0	0	0	0	0	0	0	0	0	0	0	0	0	0	0	0	0	0	0	0	0	0	0	0	0	0	0	0	0	0	0	0	0	0	0	0	0	0	0	0	0	0	0	0	255	17443530	185047380	345972780	335471625	311538090	378273630	337188030	275141685	403864155	694780650	666156900	887731500	708972420	626505420	1275547485	1265934240	-873060586	-849961666	119078625	100025535	64339560	36191385	50208225	31289775	80863815	156234420	91506240	49952460	76502550	88325370	37817010	64570845	1314456150	1320737310	573542175	365382615	422966970	710278785	404341515	34195500	41493600	56597250	54048270	51715530	71595840	70424370	71264850	67390635	76065990	53006850	47757675	12943290	27726150	25423755	6396165	
169627785	218218545	123354465	264811380	129785310	150156495	253790790	307656735	114849450	77066355	202781355	213910320	233750085	143890125	92198310	96966555	197672685	87149820	64838850	52976505	152876070	261140145	268168200	59089875	63462105	84254040	85245225	45966555	143512470	166725885	170059245	788722905	629780385	392068620	218402655	53287350	38719200	35797665	33757410	67652010	137192295	142427955	183469950	184231125	74152215	113508660	311229795	251420310	136356405	110449935	153598230	122700645	66014655	44153760	115608585	103566210	146116020	177689610	173429325	47486100	65476860	32151420	17360400	3812250	0	0	0	0	0	0	0	0	0	0	0	0	0	0	0	0	0	0	0	0	0	0	0	0	0	0	0	0	0	0	0	0	0	0	0	0	0	0	0	0	0	0	0	0	0	0	0	0	0	0	0	0	0	0	0	0	0	0	0	0	0	0	0	0	0	0	0	0	0	0	0	0	0	0	0	0	0	0	0	0	0	0	0	0	0	0	0	0	0	0	0	0	0	0	0	0	0	0	0	0	0	0	0	0	0	0	0	0	0	0	0	0	0	0	3895380	62598675	163081425	142873950	213703770	227993970	237359610	195422820	235126065	338417385	89203590	209996580	687204090	700012740	535063440	742305765	-1668973471	-1816353526	146777745	98779350	56336385	105613350	110906640	68275740	69240915	66199275	91506240	70004640	72515370	125879220	134762400	332020200	-1779855886	-1951260766	1115187165	893414940	313649235	424325100	733281060	754133940	286991790	78474720	29102640	43377030	47643690	66294900	74211120	63820890	76698390	44634690	23362590	53668320	38077875	21958560	30062460	23850660	
93434040	214891050	254841900	221985150	50469855	105554190	168280620	138514470	98256090	115688400	56212965	156104625	98606715	108882705	204106845	133846950	109478130	123240480	155372010	71272500	85856715	118725960	37354185	33347370	72561015	85782255	168173010	97221300	168631245	307310955	176885595	309424905	409420350	268439775	144668130	7829010	80937000	70774230	18110100	18101430	120554565	179472825	142328505	71097315	107545740	99318930	139462050	176471220	118717290	71831205	102869550	74152980	34251600	74264160	123925410	92045820	184973430	154793670	39963600	64220220	83544120	50772030	3856110	3888750	663000	0	0	0	0	0	0	0	0	0	0	0	0	0	0	0	0	0	0	0	0	0	0	0	0	0	0	0	0	0	0	0	0	0	0	0	0	0	0	0	0	0	0	0	0	0	0	0	0	0	0	0	0	0	0	0	0	0	0	0	0	0	0	0	0	0	0	0	0	0	0	0	0	0	0	0	0	0	0	0	0	0	0	0	0	0	0	0	0	0	0	0	0	0	0	0	0	0	0	0	0	0	0	0	0	0	0	0	0	0	0	0	0	669630	17443530	106428330	103958400	71981145	64918920	106204950	144213210	131945160	202421550	370731495	385820610	211921830	326521380	675745410	696709470	1586429970	1713197355	117013890	216437115	112401195	80116920	77019180	95602050	47173470	61041390	56942775	49952460	72515370	161717940	167622210	380809350	-885617551	-987363316	1267028700	885799875	966039195	583602690	436513590	509749080	611348730	481813830	206307240	77118630	44877960	44579100	19935900	54236460	27589725	49879530	43932420	40081665	62665740	47391750	28045920	26271630	16283280	
43705980	65878485	101449965	62046090	71631795	55215150	30843780	72960090	109071660	165040080	114432015	185259795	143207745	142307085	154097520	135760215	108088635	75019215	75193125	97092780	110935710	95018355	70706145	54859170	55797315	96389745	195951180	115980120	119314245	137550315	60827190	191396115	221705925	186131385	61944600	90153465	157315620	153419985	77982315	43185780	112502685	165077055	170462400	122438250	141947535	105135225	74004825	40849725	45901275	77945340	120389580	74672415	49141560	45419580	25943190	62564505	98011290	24731940	43858725	65317995	45815595	20498685	12795135	2668575	669375	82875	0	0	0	0	0	0	0	0	0	0	0	0	0	0	0	0	0	0	0	0	0	0	0	0	0	0	0	0	0	0	0	0	0	0	0	0	0	0	0	0	0	0	0	0	0	0	0	0	0	0	0	0	0	0	0	0	0	0	0	0	0	0	0	0	0	0	0	0	0	0	0	0	0	0	0	0	0	0	0	0	0	0	0	0	0	0	0	0	0	0	0	0	0	0	0	0	0	0	0	0	0	0	0	0	0	0	0	0	0	0	83130	3895380	48093000	137129565	98752830	63893310	37557930	30042060	36718980	71219715	105664350	69306450	338035650	346514400	202230300	388581750	914442240	985341165	119805885	219081975	325811970	214830360	85738650	50048340	70089810	76632855	61644210	71111850	76502550	125879220	167622210	285811140	-564488146	-800902726	931019535	1328807805	1157988150	926428260	632027190	329646660	673767630	425757180	257668320	260945580	181566120	91153830	152262030	137783130	76566810	29824800	76759845	63371070	91957080	58185900	35582700	63017640	45297180	39541830	
42296850	85433160	86900685	101546100	94376520	41804190	26650560	44994240	82805130	94411965	62277120	163226775	200628900	159333690	95303955	92880945	61082190	88527075	78698355	85743495	112552665	124655475	91435095	69948285	34807500	40835190	137873655	104227425	89543250	73375230	130491405	237143115	240799560	203270445	93263445	82512645	146707875	174716565	126156405	122863845	229904430	197859600	116258835	107854035	72973860	91097475	44442165	28264455	60762165	71301825	71843445	47405520	52446870	38576910	39175650	60481410	61240035	27482115	45852825	31314255	10167615	10945875	11093775	5369025	81855	83130	6630	0	0	0	0	0	0	0	0	0	0	0	0	0	0	0	0	0	0	0	0	0	0	0	0	0	0	0	0	0	0	0	0	0	0	0	0	0	0	0	0	0	0	0	0	0	0	0	0	0	0	0	0	0	0	0	0	0	0	0	0	0	0	0	0	0	0	0	0	0	0	0	0	0	0	0	0	0	0	0	0	0	0	0	0	0	0	0	0	0	0	0	0	0	0	0	0	0	0	0	0	0	0	0	0	0	0	0	0	6630	669630	15582030	104788170	107924925	67269765	56720670	36838320	70764030	48429090	37541865	49441185	33508020	77287440	236838900	199696110	366018840	444303330	172316760	189538950	211945800	242816865	143954640	59932140	108219960	82396620	63905805	81553335	64173810	88325370	134762400	380809350	-564488146	-691658176	227699700	576381090	1004322345	1195130175	1102352760	961983930	1312999590	1234540680	597829140	276995280	119013600	175162560	264530370	230911170	236259030	179288460	60344220	70378470	119480760	86621460	47628390	78510420	93784410	98247930	59135520	
21107625	52685805	78660360	79747425	22811535	26918310	77072730	121513110	129562950	132138450	214629420	180833760	85580040	96598845	76098375	101868165	131301540	165448845	65663265	109143060	112628655	130890990	82849245	46962585	32071350	41037150	114232350	84157650	47837490	76697880	161380575	251032965	376829820	233630745	161375220	137834895	102508725	131413740	106953885	182194185	292449810	240521610	200465190	327039540	119239530	121874190	122875320	80004210	58853490	31066395	22628955	29455560	27367110	35318520	47899455	42084435	48550980	37429920	25098630	6045030	7375620	7045140	4494120	5039310	624750	71400	6630	255	0	0	0	0	0	0	0	0	0	0	0	0	0	0	0	0	0	0	0	0	0	0	0	0	0	0	0	0	0	0	0	0	0	0	0	0	0	0	0	0	0	0	0	0	0	0	0	0	0	0	0	0	0	0	0	0	0	0	0	0	0	0	0	0	0	0	0	0	0	0	0	0	0	0	0	0	0	0	0	0	0	0	0	0	0	0	0	0	0	0	0	0	0	0	0	0	0	0	0	0	0	0	0	0	0	0	255	83130	3744420	48040980	89116890	77841300	65136945	37016310	17679660	26408820	44645910	49351935	47263485	46376340	98370330	93680370	149701575	186196410	60385530	16534710	127737915	234349845	230901225	84774750	48080760	108559110	96503220	59822235	97449015	34691220	37817010	332020200	-885617551	-800902726	227699700	289025160	569647560	704729730	968763105	1289495730	1904160480	1572294555	1164644415	910476735	648254625	450514875	462983355	324613215	204838440	246060465	245618040	123508230	99296490	131699850	101514735	97526025	97651995	132477600	97096350	6767190	
8521845	21946320	28774710	17129880	34020315	16389105	47268585	369373365	348359325	157116975	85848045	108155445	52071510	80719230	92617020	64359960	56935635	127512495	96467520	73052400	143170005	103384905	39226905	24791865	38079150	38878320	59464215	63135705	95603580	94407120	113639985	154739865	214803840	204840735	153242760	144793590	50684055	86889720	112553940	143883240	157332705	112294095	82331085	156761505	138118965	348683685	365081715	41646855	28725750	33835695	40746450	36126105	13496640	22400730	38221440	51554880	78027195	85273020	5076540	5666100	6327570	2494410	4062660	4937310	1148010	147390	255	255	0	0	0	0	0	0	0	0	0	0	0	0	0	0	0	0	0	0	0	0	0	0	0	0	0	0	0	0	0	0	0	0	0	0	0	0	0	0	0	0	0	0	0	0	0	0	0	0	0	0	0	0	0	0	0	0	0	0	0	0	0	0	0	0	0	0	0	0	0	0	0	0	0	0	0	0	0	0	0	0	0	0	0	0	0	0	0	0	0	0	0	0	0	0	0	0	0	0	0	0	0	0	0	0	0	0	6630	663765	15582540	38190330	40144905	49549560	44250150	29692200	24387180	35657160	43199040	54742125	47631705	78198810	117156945	105231870	84154590	35810925	28165770	50025900	43546860	100919055	142515420	157979130	58312890	122231700	86910630	69451035	61062045	18401820	64570845	-1779855886	-987363316	931019535	576381090	569647560	453176310	553968885	1060899195	1520616255	1610508600	1298324340	1251963045	1066447995	891235455	737492895	301893990	228066135	258973155	503380965	278927670	70630665	92582850	36667215	103999965	87344130	146549775	139569405	18638970	10253550	
6805950	10254570	8710545	5730360	36552720	50836545	363977310	497413455	237439425	202371315	127520655	101568795	49260390	109037235	82841595	63315480	65011740	119213520	129226605	81997545	58119090	53656335	28044390	10509060	30054555	70327725	84007710	103163820	112988715	61675575	126530490	101756985	143685615	183895545	86272365	104201925	110327025	75532020	152647845	240490245	168802860	125154000	89299725	145028955	197898105	258275475	504491235	357567885	70780605	48991365	29958930	9296535	11085360	22484370	43470615	39598185	37913910	74961840	67437810	4193730	3953010	4261050	4534410	5100000	561000	71400	6630	255	0	0	0	0	0	0	0	0	0	0	0	0	0	0	0	0	0	0	0	0	0	0	0	0	0	0	0	0	0	0	0	0	0	0	0	0	0	0	0	0	0	0	0	0	0	0	0	0	0	0	0	0	0	0	0	0	0	0	0	0	0	0	0	0	0	0	0	0	0	0	0	0	0	0	0	0	0	0	0	0	0	0	0	0	0	0	0	0	0	0	0	0	0	0	0	0	0	0	0	0	0	0	0	0	0	255	83130	3744420	14463600	17721990	20923515	25386015	27261030	19636530	23641050	18867450	37592100	54458055	41077185	36530790	115682790	121956300	64558860	38610060	39049680	74759370	101270190	76191960	193347120	170010540	93438120	175651650	131612640	141757815	60064485	31554720	1314456150	-1951260766	1267028700	1328807805	1004322345	704729730	553968885	730741770	1028479515	1236997605	1090421055	1083800490	1750798890	1574111430	1256105010	995448600	523099860	363466290	647260890	515310885	110605740	94471635	53887365	44405190	59142915	121685745	141103485	31100310	16078770	11972250	
8463960	14237415	14014545	14378175	8763330	263419080	487751505	368021355	228588885	244132155	160697940	122131995	62035125	44479905	51423555	81667575	45418560	63427935	84176010	80529000	63657435	79840245	45238785	28538325	112004415	176300625	85636140	78548670	139439865	74120085	93423075	80980605	161600130	182674095	131568780	94911510	145497135	79438875	67136655	159773055	131267625	141154485	84388170	153546720	254698845	244997115	369939975	478956555	257518890	15579225	22289040	18807270	8208960	10430775	31938240	29245185	33150765	45015405	67998555	51275655	5384070	7356240	8755170	4903140	75990	77265	6630	0	0	0	0	0	0	0	0	0	0	0	0	0	0	0	0	0	0	0	0	0	0	0	0	0	0	0	0	0	0	0	0	0	0	0	0	0	0	0	0	0	0	0	0	0	0	0	0	0	0	0	0	0	0	0	0	0	0	0	0	0	0	0	0	0	0	0	0	0	0	0	0	0	0	0	0	0	0	0	0	0	0	0	0	0	0	0	0	0	0	0	0	0	0	0	0	0	0	0	0	0	0	0	0	0	0	6630	663765	3253800	4208010	15765120	14810655	12078075	17155890	19416210	14396790	20060340	41064690	58250925	46032600	43710060	43963020	81674460	73975245	43382640	43701390	21754560	130088760	266930175	249660810	170526660	95088480	128964210	120610410	162048165	150913080	561441150	1320737310	1115187165	885799875	1157988150	1195130175	968763105	1060899195	1028479515	1012026660	683849310	1074505230	1340453400	1515959700	1826729220	1892757135	1864002570	718986270	679984785	528987045	29064390	26949165	87900285	86585760	68921400	86585760	105013590	31675590	18207000	25427070	21484770	
9101715	9903690	35000790	54713055	104210595	290556690	261642495	201120795	295976205	218813970	88755810	79235385	83445435	71573145	117653430	102761685	103914795	55004010	73789095	44475315	44126220	34182495	25230975	95910345	216597765	221494020	138278595	82094445	155113440	100261665	57488220	15515475	63472305	130493190	120902895	127415085	110957130	168286485	111513285	100724745	56771415	53692800	65345025	114283350	198595530	303446685	207097740	257174640	282945705	120272025	60619620	40751295	26373375	18327360	16819545	29884725	33636285	35204535	34473960	53813925	38983635	8396130	8385420	2654550	647700	83130	255	0	0	0	0	0	0	0	0	0	0	0	0	0	0	0	0	0	0	0	0	0	0	0	0	0	0	0	0	0	0	0	0	0	0	0	0	0	0	0	0	0	0	0	0	0	0	0	0	0	0	0	0	0	0	0	0	0	0	0	0	0	0	0	0	0	0	0	0	0	0	0	0	0	0	0	0	0	0	0	0	0	0	0	0	0	0	0	0	0	0	0	0	0	0	0	0	0	0	0	0	0	0	0	0	0	255	83130	647700	3641910	3587850	5970570	9530115	37054815	31105410	14444220	10003650	15736050	8786280	40157655	37710165	22056735	22616205	36083520	61062810	53737680	22023330	12157380	28112985	262788465	336387075	218191770	224484150	262091040	140335680	215122335	144706635	545729580	573542175	893414940	966039195	926428260	1102352760	1289495730	1520616255	1236997605	683849310	816446760	884847450	1226598960	1055439900	1234269870	-545131096	-2123629036	595211565	435874560	20087625	35932050	29173530	25622400	59495580	76503570	59495580	25622400	11947260	10015380	25743270	24822720	
27305400	88096890	108918915	84724260	121863735	200981055	184616685	172924170	189403290	101679720	129670560	124653690	110175045	191636070	289832745	79024500	179477925	107427675	73320660	37497750	39596655	31361175	22931385	109488585	142128330	139197105	117070500	83173860	120950325	87256410	120473985	78074370	100923645	87460155	73878090	127869240	214852035	383624805	198742155	108074865	106211580	46472985	77100780	157315110	99587190	165855060	165716850	176805270	181522005	94543545	74047665	73628955	47063820	23137680	25281210	17827050	36173280	17579955	32372760	36780180	49813230	35724990	3346620	3378750	669630	6630	0	0	0	0	0	0	0	0	0	0	0	0	0	0	0	0	0	0	0	0	0	0	0	0	0	0	0	0	0	0	0	0	0	0	0	0	0	0	0	0	0	0	0	0	0	0	0	0	0	0	0	0	0	0	0	0	0	0	0	0	0	0	0	0	0	0	0	0	0	0	0	0	0	0	0	0	0	0	0	0	0	0	0	0	0	0	0	0	0	0	0	0	0	0	0	0	0	0	0	0	0	0	0	0	0	0	6630	77265	2035410	4015230	3372630	8203860	62762130	66904095	35085450	23226930	17453730	32579310	23291700	34900065	26377965	39856500	39606090	53695095	41884770	19917030	8447640	6098580	9437550	71555040	355449855	364401120	276478140	197392440	243514800	295393020	199967685	242743170	365382615	313649235	583602690	632027190	961983930	1904160480	1610508600	1090421055	1074505230	884847450	793362120	751883820	1266908850	352514551	-453616950	428764140	274352205	15103395	22725600	19368780	2291940	3276240	14095380	26252250	14095380	3276240	2291940	8214060	8479770	29070	
75507540	120472200	107651310	81296295	112880850	262219305	189294405	129072840	64711350	96009285	99983715	128719410	175601670	319372965	621020115	318484800	174184125	50902845	116441670	121230570	51397545	31647285	40896900	60953415	133277535	108357405	122415045	160908315	135527910	78002205	75709755	63680640	91616655	65708145	42062250	58059420	101260755	203713125	141203700	138725355	225601815	189010845	122258730	117110535	144441945	77402700	121795140	176950875	213011190	67862640	64643775	74223615	79314435	44601285	21071415	12558495	12425895	24263760	35450100	44342715	21960090	30183840	15667200	3889515	83130	0	0	0	0	0	0	0	0	0	0	0	0	0	0	0	0	0	0	0	0	0	0	0	0	0	0	0	0	0	0	0	0	0	0	0	0	0	0	0	0	0	0	0	0	0	0	0	0	0	0	0	0	0	0	0	0	0	0	0	0	0	0	0	0	0	0	0	0	0	0	0	0	0	0	0	0	0	0	0	0	0	0	0	0	0	0	0	0	0	0	0	0	0	0	0	0	0	0	0	0	0	0	0	0	0	0	255	6630	506940	2092530	1833960	1956870	67750185	89183190	57371940	35029860	17234430	17678640	25434720	48460200	46137915	23666550	39878175	61428480	48699900	52318350	21754560	8527710	4005795	4157520	15997425	61383090	240579750	293341290	191101080	195578880	122178915	244599825	340408425	422966970	424325100	436513590	329646660	1312999590	1572294555	1298324340	1083800490	1340453400	1226598960	751883820	1548859800	-39496184	-361615754	264397005	123123945	2832540	10325970	9560970	2285310	2304690	3299190	3164040	0	3164040	3299190	2304690	2285310	34680	29070	
55612950	97271280	85204680	130343760	55573935	63493470	79237170	108736080	43711335	68151045	51193290	108048345	125527065	102665805	305978835	213372525	97521180	65740020	122828145	159187065	87599130	54938220	69773865	247880655	253918290	107431245	106881210	236361030	316384875	59687085	21447285	19333845	50293650	51540600	50346945	45829365	44939160	93802260	197786925	318793095	381512640	321696015	170037315	105352485	65466405	44043090	98289240	60721620	51768825	44303955	29657775	60394965	59418825	63274425	33926985	16914915	13073085	46988085	45906630	44174925	32030040	33191310	17220660	669630	255	0	0	0	0	0	0	0	0	0	0	0	0	0	0	0	0	0	0	0	0	0	0	0	0	0	0	0	0	0	0	0	0	0	0	0	0	0	0	0	0	0	0	0	0	0	0	0	0	0	0	0	0	0	0	0	0	0	0	0	0	0	0	0	0	0	0	0	0	0	0	0	0	0	0	0	0	0	0	0	0	0	0	0	0	0	0	0	0	0	0	0	0	0	0	0	0	0	0	0	0	0	0	0	0	0	0	255	76755	518160	1752870	1496340	42397830	82315785	67091775	52866090	22029450	12147180	23494170	19518720	56564610	66967590	33893070	56062770	43887285	64613430	52602420	12293550	9174900	8510625	18629535	14389650	31349700	47505225	154496850	124108500	51223380	33800250	135793620	348689550	710278785	733281060	509749080	673767630	1234540680	1164644415	1251963045	1750798890	1515959700	1055439900	1266908850	-39496184	-699549404	172679370	52760520	3748245	2776695	2648430	68340	73950	593130	580890	0	0	0	580890	593130	73950	68340	67830	
21107880	72875940	78636900	221872695	86020425	17419050	80780685	183062715	64596345	43525440	95704815	123061725	132662475	225140520	141774645	100615095	146483220	109693860	52433610	130478400	101984700	52654440	258035265	319309215	277452750	220831785	190003815	218782605	369182625	376901220	58324365	27774345	34866660	75835980	101030490	90069060	153095370	94485660	247979595	437385435	420279780	420051045	228212505	112768395	91446825	89798760	182322705	76759335	48749370	92393640	59649090	137770380	63742860	55461480	37088220	18935790	16395990	62331945	71947485	75444810	82388970	57504030	7474815	13005	0	0	0	0	0	0	0	0	0	0	0	0	0	0	0	0	0	0	0	0	0	0	0	0	0	0	0	0	0	0	0	0	0	0	0	0	0	0	0	0	0	0	0	0	0	0	0	0	0	0	0	0	0	0	0	0	0	0	0	0	0	0	0	0	0	0	0	0	0	0	0	0	0	0	0	0	0	0	0	0	0	0	0	0	0	0	0	0	0	0	0	0	0	0	0	0	0	0	0	0	0	0	0	0	0	0	0	6630	77265	73950	1740630	21943770	49995300	45227565	43453275	34407660	13306920	21349620	32041515	19098990	25726440	88178490	73523895	45588135	63539625	77509290	29107230	11400030	17781150	42778545	47151795	48898290	56710215	50544060	70723995	68907120	62479080	74902170	51188955	109953705	404341515	754133940	611348730	425757180	597829140	910476735	1066447995	1574111430	1826729220	1234269870	352514551	-361615754	172679370	31240560	2491860	599760	581145	70890	71400	77265	76755	255	255	255	255	255	76755	77265	71400	70890	
55612950	97271280	85204680	130343760	55573935	63493470	79237170	108736080	43711335	68169915	51375360	108295695	126714855	92336265	293474145	221652885	94648860	167633430	109152495	115211295	43163340	111067290	265943325	246322095	212820960	172360875	206981970	149237730	177068175	332762505	294288105	62613465	14957790	82978020	126535845	132454395	84614100	78430350	163712295	354770535	463301850	364054575	238357935	135462885	101977305	94664160	109509240	50268660	52958145	43133505	29724585	60307755	59418825	63274425	33926985	16914915	13073085	46988085	45906630	44174925	32030040	33191310	17220660	669630	255	0	0	0	0	0	0	0	0	0	0	0	0	0	0	0	0	0	0	0	0	0	0	0	0	0	0	0	0	0	0	0	0	0	0	0	0	0	0	255	255	255	255	255	255	255	255	255	255	255	0	0	0	0	0	0	0	0	0	0	0	0	0	0	0	0	0	0	0	0	0	0	0	0	0	0	0	0	0	0	0	0	0	0	0	0	0	0	0	0	0	0	0	0	0	0	0	0	0	0	0	0	0	0	0	0	255	6630	71400	68340	9560970	25337820	22992330	27333195	23768295	21241500	14263680	26303760	35026800	18761115	8027910	32009640	69271260	58153005	58664280	28612020	2101710	17018700	54505230	50916105	29455305	42794100	41073105	42527880	50868675	62190165	57947730	74823630	19173960	26109195	34195500	286991790	481813830	257668320	276995280	648254625	891235455	1256105010	1892757135	-545131096	-453616950	264397005	52760520	2491860	154530	83385	255	255	6630	6630	255	255	255	255	255	255	255	6630	6630	255	
75507540	120472200	107651310	81296295	112880850	262219305	189294405	129072840	64741950	96022035	100088775	127937070	171106020	311049765	602306430	312296460	119976225	132612495	97290660	89692680	29660325	108102405	130435560	156103605	315013995	222672885	297375135	171443385	225938160	248596695	288666120	212141640	48254925	115546875	98372370	101824050	53764965	68816595	48173580	135265005	247983165	115695285	93828780	183451845	95640555	76159320	97131795	164641005	193084980	64478790	65582175	74206785	79324635	44601285	21071415	12558495	12425895	24263760	35450100	44342715	21960090	30183840	15667200	3889515	83130	0	0	0	0	0	0	0	0	0	0	0	0	0	0	0	0	0	0	0	0	0	0	0	0	0	0	0	0	0	0	0	0	0	255	255	255	255	6630	6630	255	255	255	255	255	255	255	255	255	6630	6630	255	255	255	255	0	0	0	0	0	0	0	0	0	0	0	0	0	0	0	0	0	0	0	0	0	0	0	0	0	0	0	0	0	0	0	0	0	0	0	0	0	0	0	0	0	0	0	0	0	0	0	0	0	0	0	255	255	70890	2648430	10325970	15965040	13190640	16922055	8934435	12186960	13503780	29209485	46122360	32777190	35251200	25946250	27104970	33094920	18306960	9753750	10371360	7269540	55843470	58692075	17874735	19071960	30118050	34623135	40903020	76615770	53223600	41444130	28217280	38789070	41493600	78474720	206307240	260945580	119013600	450514875	737492895	995448600	1864002570	-2123629036	428764140	123123945	3748245	599760	83385	510	255	255	255	0	0	0	0	0	0	0	0	0	255	255	
27305400	88096890	108918915	84724260	121863735	200981055	184616685	172916010	189352800	101673600	130103040	125982240	108888825	201744015	307367055	173779185	124235235	103199775	146761680	94029720	85405365	72428415	195761715	170674815	170825010	137773185	183657120	270666690	292328175	270177345	135895875	152650395	44077515	63074505	26270610	66658530	48879165	55306695	82361685	57460425	66776850	120407685	106696590	114690840	99507120	174289185	150261300	164673135	163626615	85420155	73670265	73626915	47061780	23138700	25281210	17827050	36173280	17579955	32372760	36780180	49813230	35724990	3346620	3378750	669630	6630	0	0	0	0	0	0	0	0	0	0	0	0	0	0	0	0	0	0	0	0	0	0	0	0	0	0	0	0	0	255	255	6630	6630	255	255	76755	77265	71400	70890	0	0	0	0	0	0	0	70890	71400	77265	76755	255	255	6630	6630	255	255	0	0	0	0	0	0	0	0	0	0	0	0	0	0	0	0	0	0	0	0	0	0	0	0	0	0	0	0	0	0	0	0	0	0	0	0	0	0	0	0	0	0	0	0	0	0	0	0	255	255	580890	2776440	2540310	15646800	23235600	15925005	21551835	25897290	79726260	112029660	67801185	33400920	27366090	31959150	38074050	34722585	17344590	15592740	25852920	23305980	28838970	58210635	52978800	29380590	26129340	26965740	21134655	48154965	66630990	79875690	50725110	52182435	56597250	29102640	77118630	181566120	175162560	462983355	301893990	523099860	718986270	595211565	274352205	2832540	2776695	581145	255	255	0	0	0	0	0	0	0	0	0	0	0	0	0	0	
9101715	9903690	35000790	54713055	104210595	290556690	261642750	201120285	295973655	218782350	90020610	79647975	82127085	93059445	124572855	122042745	52197735	58699470	103059015	96215835	94954350	129529545	299585220	324162375	344092155	313842780	249199515	157294965	216147180	219241605	154301775	131700615	43350765	44840220	66917355	78188355	56394780	90965385	137955000	155626245	106936545	147067170	118829235	76199100	280242960	300313245	200915775	223551360	245163375	116864205	61774260	40601355	26379495	18344190	16821330	29884725	33636285	35204535	34473960	53813925	38983635	8396130	8385420	2654550	647700	83130	255	0	0	0	0	0	0	0	0	0	0	0	0	0	0	0	0	0	0	0	0	0	0	0	0	0	255	255	6630	6630	76755	77265	71400	70890	580890	593130	73950	68340	531420	524790	0	0	0	0	0	524790	531420	68340	73950	593130	580890	70890	71400	77265	76755	6630	6630	255	255	0	0	0	0	0	0	0	0	0	0	0	0	0	0	0	0	0	0	0	0	0	0	0	0	0	0	0	0	0	0	0	0	0	0	0	0	0	0	0	0	0	0	0	0	0	255	76755	593130	2304690	2048670	1408620	26207370	35615085	23475045	96819420	198798765	129384450	70691100	43051140	12015600	11588730	22013385	25050945	20592525	18868470	26917800	35644920	28601310	76151415	73427505	56350665	50123565	33553410	46232775	46446720	39042540	62517840	53567595	37111935	54172455	43377030	44877960	91153830	264530370	324613215	228066135	363466290	679984785	435874560	15103395	10325970	2648430	70890	255	255	0	0	0	0	0	0	0	0	0	0	0	0	0	0	
8463960	14237415	14014545	14378175	8763330	263418825	487748955	368023140	228596025	244077585	160619400	123428415	65440395	82271925	88975365	56793855	51290700	42052305	29154150	68451180	72321315	97870020	382958745	423783480	385387365	394669365	230320590	126338730	175549395	309977745	289451265	110719215	31521060	64673865	65053560	36878100	74218515	74971020	83727975	193801020	127935285	181075245	164195010	129174330	295050555	236565285	323085255	402976245	216664830	16468665	21998850	18817470	7893780	10396350	31942830	29245440	33150765	45015405	67998555	51275655	5384070	7356240	8755170	4903140	75990	77265	6630	0	0	0	0	0	0	0	0	0	0	0	0	0	0	0	0	0	0	0	0	0	0	0	255	6630	6630	76755	77265	506940	518160	73950	68340	2648430	2776440	2304690	2285310	1982370	1945650	2880990	2802450	0	0	0	2802450	2880990	1945650	1982370	2285310	2304690	2776440	2648430	68340	73950	518160	506940	77265	76755	6630	6630	255	0	0	0	0	0	0	0	0	0	0	0	0	0	0	0	0	0	0	0	0	0	0	0	0	0	0	0	0	0	0	0	0	0	0	0	0	0	0	0	0	0	0	0	6630	77265	73950	2285310	2194020	1105680	935340	31792125	88438845	244092630	196515750	89410905	57982920	59526690	28306020	15598860	24364230	32560950	19526625	26636790	23167770	49435320	43289820	54009255	46747875	39838140	34389810	112072245	101179920	47737020	66995130	80330100	52993590	57155700	51580125	47303520	44579100	152262030	230911170	204838440	258973155	647260890	528987045	20087625	22725600	9560970	68340	71400	6630	255	0	0	0	0	0	0	0	0	0	0	0	0	0	0	
6805950	10254570	8710545	5730360	36552720	50836545	363976035	497399175	237413925	202412625	127517595	101686605	50620050	86663025	78829425	52989000	78762360	93860400	78813105	50736075	57514740	73001655	281284125	549078750	491888115	302061525	197261880	206583150	353800515	402136275	246891510	24503205	19767855	31237245	59706975	72215235	100462605	101839350	100659720	108137595	113212860	268086600	183478875	126825525	243243735	244875225	455774505	287655045	81662475	54994575	31484850	9714735	11016000	22492020	43470360	39598185	37913910	74961840	67437810	4193730	3953010	4261050	4534410	5100000	561000	71400	6630	255	0	0	0	0	0	0	0	0	0	0	0	0	0	0	0	0	0	0	0	0	255	6630	83130	77265	506940	518160	1984920	2092530	1752870	1740630	9560970	10325970	2540310	2048670	2194020	1914030	2069070	2867220	12073230	11475000	0	11475000	12073230	2867220	2069070	1914030	2194020	2048670	2540310	10325970	9560970	1740630	1752870	2092530	1984920	518160	506940	77265	83130	6630	255	0	0	0	0	0	0	0	0	0	0	0	0	0	0	0	0	0	0	0	0	0	0	0	0	0	0	0	0	0	0	0	0	0	0	0	0	0	0	0	0	255	6630	71400	68340	1982370	1914030	922080	998580	78517305	245148330	223537845	117348450	89808450	88349340	45782190	14193810	22168425	42777780	79077285	36845970	26320080	37704300	75238260	36736320	24225765	27299790	23808075	111700200	146948850	90942690	121945080	97632870	116673465	71699880	56586285	71923260	64457880	19738020	137783130	236259030	246060465	503380965	515310885	29064390	35932050	19368780	2285310	73950	77265	6630	0	0	0	0	0	0	0	0	0	0	0	0	0	0	0	
8521845	21946320	28774710	17129880	34020315	16389105	47268585	369372855	348377685	157120035	86058675	108925545	52799280	76987560	109650510	89582010	83180745	103792395	92911290	60249870	52340535	89664885	149343555	271918995	418677360	244922910	102056865	225954735	343644630	202142580	122402805	38533815	8734260	38741385	70826250	89599860	107640855	120265140	105678630	76411770	83989605	216362655	285263145	84190545	188372325	311152275	334077285	32108835	31560330	38238525	41659860	36643755	13451250	22398690	38221440	51554880	78027195	85273020	5076540	5666100	6327570	2494410	4062660	4937310	1148010	147390	255	255	0	0	0	0	0	0	0	0	0	0	0	0	0	0	0	0	0	0	255	6630	83130	663765	647700	2035410	2092530	4035120	4603260	1858440	1496340	21943770	25337820	15965040	15646800	1408620	1105680	922080	1327020	21498540	21030360	40684740	74894010	40684740	21030360	21498540	1327020	922080	1105680	1408620	15646800	15965040	25337820	21943770	1496340	1858440	4603260	4035120	2092530	2035410	647700	663765	83130	6630	255	0	0	0	0	0	0	0	0	0	0	0	0	0	0	0	0	0	0	0	0	0	0	0	0	0	0	0	0	0	0	0	0	0	0	0	0	0	0	255	255	70890	531420	1945650	2069070	1327020	45368580	191843130	205220940	122634090	117088605	117551940	103364760	23960820	13234500	41522925	76856745	130003080	62343420	33942795	51276420	133238520	67863150	24917580	16513800	88678290	131371665	107135700	52462170	62186850	38416260	58956765	52556520	73090140	75362190	74840205	57869190	76285290	179288460	245618040	278927670	110605740	26949165	29173530	2291940	2304690	593130	76755	255	0	0	0	0	0	0	0	0	0	0	0	0	0	0	0	
21107625	52685805	78660360	79747425	22811535	26918310	77072730	121513110	129565500	132133860	214809450	180491040	81364890	94136565	67900125	96458595	158661510	173651685	67140225	63365970	29684295	122957430	276331005	130782105	178142490	189414000	191095980	198410400	116374860	19331040	39106545	10193115	34131240	44123415	19490670	54833415	85604265	135035250	116629095	91264245	66173010	74466120	137350650	93505950	225963150	159865620	123882060	63994290	58485780	37033905	22431585	29417310	27367110	35318520	47899455	42084435	48550980	37429920	25098630	6045030	7375620	7045140	4494120	5039310	624750	71400	6630	255	0	0	0	0	0	0	0	0	0	0	0	0	0	0	0	0	0	6630	83130	663765	3744420	3253800	3641910	4015230	2613240	4241670	4414050	2600490	42527880	49995300	22992330	13190640	23235600	26207370	935340	998580	45368580	38555490	22120740	108721290	174068610	108721290	22120740	38555490	45368580	998580	935340	26207370	23235600	13190640	22992330	49995300	42527880	2600490	4414050	4241670	2613240	4015230	3641910	3253800	3744420	663765	83130	6630	0	0	0	0	0	0	0	0	0	0	0	0	0	0	0	0	0	0	0	0	0	0	0	0	0	0	0	0	0	0	0	0	0	0	0	0	0	255	255	0	524790	2880990	2867220	21498540	108608580	119777580	94391055	82002135	90103995	92998500	63051300	46577280	42062250	44392695	62502795	82479240	65329725	70132140	23899365	54113040	26886690	13080480	32836605	87737595	76846035	69089700	37603320	26460330	29473920	60099930	61930065	75617700	72054075	57982920	41806485	33345840	59201820	123508230	70630665	94471635	87900285	25622400	3276240	3299190	580890	255	255	0	0	0	0	0	0	0	0	0	0	0	0	0	0	0	
42296850	85433160	86900685	101546100	94376520	41804190	26650560	44994240	82805130	94397685	62263350	163209945	198501180	157011660	104131035	109071405	66339780	106037925	112091115	45290295	11228925	42742335	103729665	73010835	209013300	83466600	68867085	61507785	55799610	48671850	10162515	28779555	22886760	25360005	32257245	39990885	20562435	121533255	231214875	154380315	117271440	62845770	64276575	42433275	79868040	84501135	63985875	18786105	52335945	70671465	72165765	47460090	52446870	38576910	39175650	60481410	61240035	27482115	45852825	31314255	10167615	10945875	11093775	5369025	81855	83130	6630	0	0	0	0	0	0	0	0	0	0	0	0	0	0	0	0	0	83130	669630	3744420	15582540	14463600	4208010	3587850	3293580	2393940	2677500	3170160	67802715	81718065	45169425	27333195	16922055	15925005	35615085	31792125	78517305	91319835	32364345	142555710	205109760	167172390	205109760	142555710	32364345	91319835	78517305	31792125	35615085	15925005	16922055	27333195	45169425	81718065	67802715	3170160	2677500	2393940	3293580	3587850	4208010	14463600	15582540	3744420	669630	83130	0	0	0	0	0	0	0	0	0	0	0	0	0	0	0	0	0	0	0	0	0	0	0	0	0	0	0	0	0	0	0	0	0	0	0	0	255	255	0	0	2802450	12073230	51750210	83447220	62826900	81623970	74986065	77304270	55736880	77527140	54914250	37067820	14768835	33816315	37936860	23100450	26120670	35211165	23458725	14371290	21418470	33122460	59705955	42710970	43691700	75365250	109899900	27557850	68311695	35056635	25917690	49904265	74800170	45823755	76409475	71429580	100851990	92582850	53887365	86585760	59495580	14095380	3164040	0	255	255	0	0	0	0	0	0	0	0	0	0	0	0	0	0	0	
